10101 NewDelhi 0 600 1 4 0 150 0
10101 Kanpur 900 920 2 3 5 100 50
10101 Allahabad 1200 1220 3 2 10 80 60
10101 Patna 1600 1620 4 2 0 90 100
10101 Howrah 2100 0 1 4 0 0 300
ENDTRAIN

10102 NewDelhi 100 700 2 4 10 100 20
10102 Kanpur 1000 1020 1 3 0 70 60
10102 Allahabad 1300 1320 2 2 5 60 50
10102 Patna 1700 1720 3 2 0 80 90
10102 Howrah 2200 0 2 4 0 0 250
ENDTRAIN

10103 NewDelhi 300 800 3 4 0 120 10
10103 Kanpur 1100 1120 2 3 8 90 30
10103 Allahabad 1400 1420 1 2 0 50 40
10103 Patna 1800 1820 2 2 0 60 80
10103 Howrah 2300 0 3 4 0 0 200
ENDTRAIN

10104 NewDelhi 500 900 4 4 0 90 15
10104 Kanpur 1200 1220 3 3 6 80 20
10104 Allahabad 1500 1520 2 2 0 40 30
10104 Patna 1900 1920 1 2 0 70 70
10104 Howrah 2350 0 4 4 0 0 180
ENDTRAIN

10105 NewDelhi 600 1000 1 4 0 130 5
10105 Kanpur 1300 1320 1 3 0 60 50
10105 Allahabad 1600 1620 3 2 0 30 20
10105 Patna 2000 2020 4 2 0 50 60
10105 Howrah 2400 0 2 4 0 0 100
ENDTRAIN

10106 NewDelhi 700 1100 2 4 2 125 10
10106 Kanpur 1400 1420 2 3 0 65 40
10106 Allahabad 1700 1720 2 2 0 45 30
10106 Patna 2100 2120 3 2 0 55 65
10106 Howrah 2500 0 1 4 0 0 120
ENDTRAIN

10107 NewDelhi 800 1200 3 4 3 110 15
10107 Kanpur 1500 1520 3 3 0 55 35
10107 Allahabad 1800 1820 1 2 0 40 25
10107 Patna 2200 2220 2 2 0 60 60
10107 Howrah 2600 0 3 4 0 0 110
ENDTRAIN

10108 NewDelhi 850 1250 4 4 0 105 12
10108 Kanpur 1600 1620 1 3 0 50 45
10108 Allahabad 1900 1920 2 2 0 35 28
10108 Patna 2300 2320 3 2 0 58 55
10108 Howrah 2700 0 4 4 0 0 95
ENDTRAIN

10109 NewDelhi 900 1300 1 4 0 135 8
10109 Kanpur 1700 1720 2 3 0 45 38
10109 Allahabad 2000 2020 3 2 0 33 27
10109 Patna 2400 2420 4 2 0 57 50
10109 Howrah 2800 0 2 4 0 0 85
ENDTRAIN

10110 NewDelhi 950 1350 2 4 0 140 6
10110 Kanpur 1800 1820 3 3 0 42 30
10110 Allahabad 2100 2120 1 2 0 30 20
10110 Patna 2500 2520 2 2 0 55 45
10110 Howrah 2900 0 1 4 0 0 75
ENDTRAIN
